0.815813 0.671069 0.654963
0.198605 0.239023 0.416912
0.233153 0.263207 0.189717
0.721234 0.604863 -0.112104
0.048834 0.134184 0.239706
0.649427 0.554599 0.609073
0.081846 0.157292 0.360397
0.455999 0.419199 0.125063
0.251815 0.276270 0.260599
0.140835 0.198584 0.061016
0.783103 0.648172 0.819930
0.648473 0.553931 0.790813
0.074657 0.152260 -0.074833
0.677400 0.574180 0.357715
0.792264 0.654585 0.503591
0.119095 0.183366 0.001391
0.148922 0.204246 0.169712
0.141260 0.198882 0.362071
0.459247 0.421473 0.211123
0.060878 0.142615 0.015387
0.038709 0.127097 -0.352902
0.407384 0.385169 0.785212
0.026044 0.118231 0.239525
0.590714 0.513500 0.777388
0.463459 0.424421 0.314241
0.902886 0.732020 0.754085
0.461977 0.423384 0.390259
0.729774 0.610842 0.582883
0.560380 0.492266 0.465360
0.731515 0.612061 0.321308
0.930026 0.751018 0.785166
0.158739 0.211117 0.289160
0.588668 0.512068 0.366098
0.423060 0.396142 0.110362
0.125365 0.187756 0.334375
0.046299 0.132409 -0.162195
0.957748 0.770424 0.805419
0.335946 0.335162 0.221837
0.781782 0.647247 1.050170
0.440126 0.408088 0.610418
0.571757 0.500230 0.265099
0.006337 0.104436 0.610139
0.484419 0.439093 -0.051730
0.568158 0.497711 0.468493
0.861296 0.702907 0.442202
0.447001 0.412901 0.463605
0.331145 0.331801 0.706212
0.161133 0.212793 0.459365
0.301396 0.310977 0.018108
0.838225 0.686758 0.344725
0.311611 0.318127 0.041383
0.413325 0.389327 0.281975
0.078871 0.155210 0.367902
0.830380 0.681266 0.824423
0.873670 0.711569 0.726023
0.614595 0.530217 0.499219
0.249306 0.274514 -0.015338
0.024345 0.117042 -0.020162
0.005133 0.103593 0.188536
0.002894 0.102026 0.208606
0.387129 0.370990 0.386121
0.017182 0.112027 -0.142458
0.088517 0.161962 0.276433
0.657552 0.560287 0.347754
0.667632 0.567342 0.617292
0.339798 0.337859 0.216425
0.261498 0.283049 0.376560
0.145283 0.201698 -0.010870
0.777277 0.644094 0.769767
0.777863 0.644504 0.663599
0.899997 0.729998 1.112045
0.770812 0.639568 0.727046
0.565389 0.495772 0.629583
0.223627 0.256539 0.314247
0.128270 0.189789 0.264688
0.483989 0.438793 0.761902
0.795466 0.656827 0.708420
0.716348 0.601444 0.478226
0.797516 0.658261 0.846651
0.034878 0.124415 0.088322
0.322301 0.325611 0.079321
0.768786 0.638150 0.546963
0.335054 0.334538 0.359263
0.272688 0.290882 0.455539
0.293951 0.305766 0.453887
0.715895 0.601127 0.559387
0.444012 0.410808 0.113794
0.212057 0.248440 0.199301
0.328421 0.329895 0.181416
0.998752 0.799126 0.739687
0.548387 0.483871 0.268481
0.548931 0.484252 0.610459
0.068523 0.147966 0.218844
0.588466 0.511926 0.463070
0.866193 0.706335 0.757548
0.595800 0.517060 0.594252
0.341816 0.339271 0.169791
0.527402 0.469181 0.110797
0.266848 0.286793 0.279520
0.064319 0.145023 -0.029802
