0.925952 0.748166
0.117297 0.182108
0.395508 0.376856
0.677377 0.574164
0.039636 0.127745
0.692656 0.584859
0.551993 0.486395
0.512238 0.458566
0.349141 0.344399
0.628350 0.539845
0.627182 0.539027
0.309986 0.316990
0.530805 0.471564
0.114137 0.179896
0.174640 0.222248
0.770129 0.639090
0.851809 0.696266
0.425205 0.397643
0.655027 0.558519
0.398247 0.378773
0.509653 0.456757
0.772694 0.640885
0.623474 0.536432
0.336644 0.335650
0.610146 0.527102
0.891669 0.724168
0.244342 0.271040
0.402597 0.381818
0.927877 0.749514
0.830224 0.681157
0.636033 0.545223
0.904353 0.733047
0.131150 0.191805
0.014188 0.109932
0.559700 0.491790
0.254955 0.278468
0.054157 0.137910
0.746570 0.622599
0.068030 0.147621
0.697846 0.588492
0.322768 0.325937
0.820158 0.674111
0.592688 0.514881
0.048732 0.134113
0.638006 0.546604
0.925823 0.748076
0.171695 0.220187
0.964450 0.775115
0.509965 0.456976
0.009072 0.106350
