0.940604 0.832252 0.046315 0.195218
0.128508 0.214298 0.038158 0.019175
0.409675 0.375318 0.029995 0.062895
0.716404 0.606232 0.025965 0.059864
0.036946 0.091346 0.006818 0.050723
0.673401 0.618051 0.012041 0.199807
0.476316 0.230656 0.044822 0.175944
0.499118 0.440156 0.025448 0.060632
0.342988 0.237472 0.018394 0.194491
0.629358 0.520982 0.005937 0.194703
0.633505 0.580730 0.046773 0.089002
0.322022 0.281110 0.045071 0.055183
0.552586 0.429409 0.034384 0.031661
0.113188 0.123005 0.000508 0.187431
0.185748 0.304671 0.010705 0.101522
0.819550 0.774245 0.045420 0.178218
0.828971 0.592914 0.021117 0.190384
0.424764 0.441103 0.044521 0.110519
0.655769 0.482085 0.046881 0.054496
0.384663 0.243150 0.012513 0.099921
0.537008 0.371724 0.039886 0.099937
0.732672 0.641986 0.024828 0.004349
0.631158 0.481745 0.028216 0.094543
0.293843 0.367205 0.035452 0.193025
0.643170 0.634302 0.040303 0.096609
0.891494 0.634397 0.005247 0.074632
0.281042 0.323271 0.024276 0.115532
0.397917 0.328052 0.006295 0.114292
0.920517 0.802411 0.009170 0.047563
0.835857 0.637577 0.006105 0.125617
0.620453 0.590166 0.026502 0.056420
0.824144 0.744556 0.030398 0.023795
0.118109 0.191058 0.028875 0.029511
0.014712 0.111378 0.000714 0.008359
0.597231 0.476597 0.030815 0.055559
0.220738 0.276805 0.017408 0.021032
0.046998 0.182088 0.007856 0.030792
0.746707 0.550256 0.000508 0.094147
0.073492 0.149671 0.033859 0.118921
0.736592 0.497631 0.028870 0.101199
0.286063 0.280536 0.038039 0.043223
0.823935 0.558920 0.034947 0.179726
0.592139 0.507670 0.022003 0.012523
0.047574 0.141280 0.000740 0.009543
0.645149 0.584665 0.037970 0.042334
0.949946 0.767032 0.032975 0.058034
0.093904 0.147207 0.047999 0.057713
0.969035 0.909427 0.036628 0.106837
0.485392 0.426633 0.033108 0.097605
0.005392 0.082875 0.025386 0.096841
